$ 1 0.00000125 382.76258214399064 50 5 50 5e-11
x -2349 -1509 -2336 -1506 4 24 4
x -2245 -1513 -2232 -1510 4 24 3
x -2178 -1510 -2165 -1507 4 24 2
x -2113 -1510 -2100 -1507 4 24 1
w -1936 -2128 -1936 -2144 0
w -1840 -2128 -1936 -2128 0
150 -2304 -1824 -2304 -1936 0 2 0 5
150 -2224 -1824 -2224 -1936 0 2 5 5
150 -2000 -1824 -2000 -1936 0 2 0 5
150 -2128 -1824 -2128 -1936 0 2 0 5
150 -1840 -1824 -1840 -1936 0 2 0 5
150 -1920 -1824 -1920 -1936 0 2 0 5
150 -1680 -1824 -1680 -1936 0 2 0 5
150 -1600 -1824 -1600 -1936 0 2 5 5
150 -1760 -1824 -1760 -1936 0 3 5 5
I -2224 -1504 -2224 -1600 0 0.5 5
I -2160 -1504 -2160 -1600 0 0.5 5
I -2096 -1504 -2096 -1600 0 0.5 5
w -2272 -1504 -2224 -1504 0
w -2272 -1504 -2272 -1424 0
w -2240 -1824 -2240 -1792 0
w -2224 -1792 -2144 -1792 0
w -1776 -1824 -1776 -1792 0
w -2064 -1792 -1776 -1792 0
w -1776 -1792 -1616 -1792 0
w -1616 -1824 -1616 -1792 0
w -2144 -1824 -2144 -1792 0
w -2224 -1792 -2224 -1664 0
w -2224 -1664 -2272 -1664 0
w -2272 -1664 -2272 -1504 0
w -2240 -1792 -2224 -1792 0
w -2112 -1824 -2112 -1776 0
w -2112 -1776 -2288 -1776 0
w -2288 -1824 -2288 -1776 0
w -2288 -1776 -2288 -1760 0
w -1856 -1824 -1856 -1776 0
w -2064 -1792 -2144 -1792 0
w -2016 -1824 -2016 -1776 0
w -2016 -1776 -1856 -1776 0
w -1856 -1776 -1664 -1776 0
w -1664 -1824 -1664 -1776 0
w -1824 -1824 -1824 -1760 0
w -1824 -1760 -1904 -1760 0
w -1904 -1824 -1904 -1760 0
w -1904 -1760 -2096 -1760 0
w -2096 -1760 -2096 -1600 0
w -2096 -1760 -2288 -1760 0
w -1744 -1824 -1744 -1744 0
w -1744 -1744 -1984 -1744 0
w -1984 -1824 -1984 -1744 0
w -1984 -1744 -2048 -1744 0
w -2048 -1744 -2128 -1744 0
w -2208 -1824 -2208 -1744 0
w -2320 -1824 -2320 -1728 0
w -2320 -1728 -2240 -1728 0
w -2240 -1728 -2240 -1616 0
w -2240 -1616 -2224 -1616 0
w -2224 -1616 -2224 -1600 0
w -2096 -1504 -2128 -1504 0
w -2128 -1504 -2128 -1744 0
w -2128 -1744 -2208 -1744 0
w -2128 -1504 -2128 -1424 0
w -2016 -1776 -2016 -1680 0
w -2016 -1680 -2160 -1680 0
w -2176 -1680 -2192 -1680 0
w -2192 -1680 -2192 -1504 0
w -2192 -1504 -2160 -1504 0
w -2192 -1504 -2192 -1424 0
w -1696 -1824 -1696 -1616 0
w -2176 -1616 -2224 -1616 0
w -1584 -1824 -1584 -1632 0
w -1584 -1632 -1760 -1632 0
w -1760 -1824 -1760 -1632 0
w -1760 -1632 -1936 -1632 0
w -1936 -1824 -1936 -1632 0
w -1936 -1632 -2160 -1632 0
w -2160 -1632 -2160 -1600 0
w -1696 -1616 -2176 -1616 0
157 -2656 -2672 -2592 -2672 0 7 0 0
152 -1616 -2176 -1616 -2320 0 4 5 5
152 -1728 -2176 -1728 -2320 0 4 5 5
152 -1824 -2176 -1824 -2320 0 2 0 5
152 -1920 -2176 -1920 -2320 0 5 5 5
152 -2016 -2176 -2016 -2320 0 3 5 5
152 -2112 -2176 -2112 -2320 0 4 0 5
152 -2208 -2176 -2208 -2320 0 4 5 5
w -2240 -2160 -2352 -2160 0
w -2352 -2160 -2352 -1424 0
w -2240 -2160 -2240 -2176 0
w -2240 -2160 -2144 -2160 0
w -2144 -2160 -2144 -2176 0
w -2144 -2160 -1952 -2160 0
w -1952 -2160 -1952 -2176 0
w -1952 -2160 -1840 -2160 0
w -1840 -2128 -1840 -2176 0
w -1840 -2160 -1760 -2160 0
w -1760 -2160 -1760 -2176 0
w -1760 -2160 -1648 -2160 0
w -1648 -2160 -1648 -2176 0
w -2224 -2176 -2224 -2144 0
w -2224 -2144 -2304 -2144 0
w -2304 -2144 -2304 -1936 0
w -2224 -2144 -1936 -2144 0
w -1936 -2176 -1936 -2144 0
w -1600 -2176 -1600 -2144 0
w -1888 -2144 -1888 -2176 0
w -1680 -2144 -1680 -1936 0
w -1680 -2144 -1888 -2144 0
w -1680 -2144 -1600 -2144 0
w -1584 -2176 -1584 -2128 0
w -1584 -2128 -1600 -2128 0
w -1600 -2128 -1600 -1936 0
w -1696 -2176 -1696 -2128 0
w -1696 -2128 -1600 -2128 0
w -1712 -2176 -1712 -2048 0
x -2216 -2244 -2203 -2241 4 24 a
x -2120 -2244 -2107 -2241 4 24 b
x -2024 -2244 -2012 -2241 4 24 c
x -1928 -2244 -1915 -2241 4 24 d
x -1832 -2244 -1819 -2241 4 24 e
x -1736 -2244 -1730 -2241 4 24 f
x -1624 -2244 -1611 -2241 4 24 g
w -2192 -2176 -2192 -2080 0
w -2192 -2080 -2224 -2080 0
w -2224 -2080 -2224 -1936 0
w -2176 -2176 -2176 -1680 0
w -2176 -1680 -2160 -1680 0
w -2128 -2176 -2128 -2128 0
w -2128 -2128 -2160 -2128 0
w -2160 -2128 -2160 -1664 0
w -2160 -1664 -2176 -1664 0
w -2176 -1664 -2176 -1616 0
w -2096 -2176 -2096 -2032 0
w -2096 -2032 -2000 -2032 0
w -2000 -2032 -2000 -1936 0
w -2080 -2176 -2080 -2048 0
w -2000 -2176 -2000 -2048 0
w -2080 -2048 -2000 -2048 0
w -2000 -2048 -1920 -2048 0
w -1920 -2048 -1920 -1936 0
w -1920 -2048 -1712 -2048 0
w -1744 -2176 -1744 -2016 0
w -1744 -2016 -2128 -2016 0
w -2128 -2016 -2128 -1936 0
w -1920 -2176 -1920 -2112 0
w -1920 -2112 -1840 -2112 0
w -1840 -1936 -1840 -2112 0
w -1632 -2176 -1632 -2112 0
w -1808 -2176 -1808 -2112 0
w -1840 -2112 -1808 -2112 0
w -1808 -2112 -1632 -2112 0
w -1904 -2176 -1904 -2096 0
w -1904 -2096 -1760 -2096 0
w -1760 -2096 -1760 -1936 0
w -2032 -2176 -2032 -1824 0
w -2032 -1824 -2064 -1824 0
w -2064 -1824 -2064 -1792 0
w -2016 -2176 -2016 -2000 0
w -2016 -2000 -2048 -2000 0
w -2048 -2000 -2048 -1744 0
I 960 -688 1072 -688 0 0.5 5
w 816 -752 816 -704 0
w 624 -752 816 -752 0
w 704 -672 704 -272 0
w 816 -672 704 -672 0
150 816 -688 960 -688 0 2 0 5
w -1888 -288 704 -272 0
w -1888 -720 -1856 -720 0
w -1888 -720 -1888 -288 0
w -880 -400 592 -400 0
w -928 -400 -880 -400 0
w -1088 -400 -928 -400 0
w -1648 -400 -1088 -400 0
w -1680 -400 -1648 -400 0
w -928 -736 -928 -400 0
w -2032 -720 -2016 -720 0
w -2064 -720 -2032 -720 0
w -2064 -736 -2064 -720 0
w -2064 -800 -2064 -736 0
w -2160 -800 -2064 -800 0
w -2288 -784 -2256 -784 0
w -2288 -720 -2288 -784 0
w -2320 -720 -2288 -720 0
w -2272 -816 -2256 -816 0
w -2272 -928 -2272 -816 0
w -2336 -928 -2272 -928 0
w -2544 -912 -2416 -912 0
w -2544 -160 -2544 -912 0
w -400 -160 -2544 -160 0
w -400 -544 -400 -160 0
w -2432 -944 -2416 -944 0
w -2432 -960 -2432 -944 0
w -2464 -960 -2432 -960 0
w -2576 -944 -2544 -944 0
w -2576 -240 -2576 -944 0
w -1216 -240 -2576 -240 0
w -1216 -480 -1216 -240 0
w -2624 -976 -2544 -976 0
w -2624 -448 -2624 -976 0
w -1920 -448 -2624 -448 0
150 -2416 -928 -2336 -928 0 2 0 5
150 -2544 -960 -2464 -960 0 2 0 5
152 -2256 -800 -2160 -800 0 2 0 5
w 432 -720 496 -720 0
w 432 -704 432 -720 0
w 432 -80 432 -704 0
w -560 -96 432 -80 0
w -560 -688 -496 -688 0
w -560 -96 -560 -688 0
w -592 -96 -560 -96 0
w -1360 -96 -592 -96 0
w -1360 -688 -1312 -688 0
w -1360 -96 -1360 -688 0
w -1952 -96 -1360 -96 0
w -2320 -688 -2016 -688 0
w -2320 -96 -2320 -688 0
w -2320 -96 -1952 -96 0
w 592 -1072 592 -752 0
w 576 -1072 592 -1072 0
w -1680 -1072 576 -1072 0
w -400 -1024 -400 -720 0
w -1728 -1024 -400 -1024 0
w -1792 -976 -1216 -976 0
w 416 -752 496 -752 0
w 416 -736 416 -752 0
w 272 -736 416 -736 0
w 160 -720 192 -720 0
w 160 -640 160 -720 0
w 112 -640 160 -640 0
w 160 -752 192 -752 0
w 160 -816 160 -752 0
w 96 -816 160 -816 0
w -176 -592 -128 -592 0
w -176 -544 -176 -592 0
w 624 -544 -176 -544 0
w 624 -752 624 -544 0
w 592 -752 624 -752 0
w -400 -624 -128 -624 0
w -400 -544 -400 -624 0
w 0 -624 32 -624 0
w 0 -608 0 -624 0
w -48 -608 0 -608 0
w -16 -656 32 -656 0
w -16 -688 -16 -656 0
w -48 -688 -16 -688 0
w -208 -672 -128 -672 0
w -208 -480 -208 -672 0
w -1216 -480 -208 -480 0
w -240 -704 -128 -704 0
w -240 -544 -240 -704 0
w -336 -544 -240 -544 0
w -336 -448 -336 -544 0
w -1920 -448 -336 -448 0
w -1920 -560 -1920 -448 0
w -288 -768 -128 -768 0
w -288 -448 -288 -768 0
w 368 -448 -288 -448 0
w 592 -448 368 -448 0
w 592 -400 592 -448 0
w -16 -800 16 -800 0
w -16 -784 -16 -800 0
w -48 -784 -16 -784 0
w -336 -800 -128 -800 0
w -336 -720 -336 -800 0
w -16 -832 16 -832 0
w -16 -864 -16 -832 0
w -48 -864 -16 -864 0
w -208 -848 -128 -848 0
w -208 -976 -208 -848 0
w -1216 -976 -208 -976 0
w -1216 -880 -1216 -976 0
w -240 -880 -128 -880 0
w -240 -944 -240 -880 0
w -1856 -944 -240 -944 0
w -1856 -912 -1856 -944 0
152 192 -736 272 -736 0 2 0 5
150 32 -640 112 -640 0 2 0 5
150 16 -816 96 -816 0 2 0 5
150 -128 -608 -48 -608 0 2 0 5
150 -128 -688 -48 -688 0 2 0 5
150 -128 -784 -48 -784 0 2 5 5
150 -128 -864 -48 -864 0 2 0 5
w -560 -720 -496 -720 0
w -672 -704 -640 -704 0
w -672 -672 -672 -704 0
w -800 -672 -672 -672 0
w -672 -736 -640 -736 0
w -672 -800 -672 -736 0
w -768 -784 -752 -784 0
w -768 -752 -768 -784 0
w -800 -752 -768 -752 0
w -768 -816 -752 -816 0
w -768 -848 -768 -816 0
w -800 -848 -768 -848 0
w -880 -400 -880 -656 0
w -912 -688 -880 -688 0
w -912 -608 -912 -688 0
w -944 -608 -912 -608 0
w -1040 -592 -1024 -592 0
w -1040 -576 -1040 -592 0
w -336 -576 -1040 -576 0
w -336 -720 -336 -576 0
w -368 -720 -336 -720 0
w -1104 -624 -1024 -624 0
w -1104 -560 -1104 -624 0
w -1920 -560 -1104 -560 0
w -1920 -592 -1920 -560 0
w -928 -736 -880 -736 0
w -912 -768 -880 -768 0
w -912 -704 -912 -768 0
w -944 -704 -912 -704 0
w -1072 -688 -1024 -688 0
w -1072 -560 -1072 -688 0
w -368 -560 -1072 -560 0
w -368 -720 -368 -560 0
w -400 -720 -368 -720 0
w -1104 -720 -1024 -720 0
w -1104 -656 -1104 -720 0
w -1216 -656 -1104 -656 0
w -1088 -800 -1024 -800 0
w -1088 -400 -1088 -800 0
w -1136 -832 -1024 -832 0
w -1136 -544 -1136 -832 0
w -400 -544 -1136 -544 0
w -400 -656 -400 -544 0
w -912 -816 -944 -816 0
w -912 -832 -912 -816 0
w -880 -832 -912 -832 0
w -912 -864 -880 -864 0
w -912 -896 -912 -864 0
w -944 -896 -912 -896 0
w -1216 -880 -1024 -880 0
w -1216 -720 -1216 -880 0
w -1856 -912 -1856 -752 0
w -1024 -912 -1856 -912 0
152 -640 -720 -560 -720 0 2 5 5
152 -752 -800 -672 -800 0 2 5 5
150 -1024 -608 -944 -608 0 2 0 5
150 -880 -672 -800 -672 0 2 0 5
150 -1024 -704 -944 -704 0 2 5 5
150 -880 -752 -800 -752 0 2 5 5
150 -880 -848 -800 -848 0 2 0 5
150 -1024 -816 -944 -816 0 2 0 5
150 -1024 -896 -944 -896 0 2 0 5
w -1648 -640 -1616 -640 0
w -1648 -400 -1648 -640 0
w -1696 -608 -1616 -608 0
w -1824 -592 -1776 -592 0
w -1824 -544 -1824 -592 0
w -1168 -544 -1824 -544 0
w -1168 -720 -1168 -544 0
w -1216 -720 -1168 -720 0
w -1808 -624 -1776 -624 0
w -1808 -656 -1808 -624 0
w -1920 -656 -1808 -656 0
w -1376 -720 -1312 -720 0
w -1376 -672 -1376 -720 0
w -1408 -672 -1376 -672 0
w -1520 -624 -1536 -624 0
w -1520 -656 -1520 -624 0
w -1488 -656 -1520 -656 0
w -1520 -688 -1488 -688 0
w -1520 -720 -1520 -688 0
w -1536 -720 -1520 -720 0
w -1680 -704 -1616 -704 0
w -1680 -400 -1680 -704 0
w 592 -512 592 -400 0
w -1696 -736 -1616 -736 0
w -1840 -720 -1776 -720 0
w -1840 -480 -1840 -720 0
w -1216 -480 -1840 -480 0
w -1216 -656 -1216 -480 0
w -1856 -752 -1776 -752 0
w -1856 -720 -1856 -752 0
w -1920 -720 -1888 -720 0
152 -1488 -672 -1408 -672 0 2 5 5
150 -1776 -608 -1696 -608 0 2 0 5
150 -1616 -624 -1536 -624 0 2 0 5
150 -1616 -720 -1536 -720 0 2 5 5
150 -1776 -736 -1696 -736 0 2 5 5
w -2464 -704 -2400 -704 0
w -2464 -528 -2464 -704 0
w 592 -512 -2464 -528 0
w 592 -688 592 -512 0
w -2496 -736 -2400 -736 0
w -2496 -592 -2496 -736 0
w -1920 -592 -2496 -592 0
w -1920 -656 -1920 -592 0
150 -2400 -720 -2320 -720 0 2 0 5
155 496 -752 560 -752 2 0
155 -496 -720 -416 -720 2 5
155 -1312 -720 -1200 -720 2 0
155 -2016 -720 -1904 -720 2 5
w -1856 -944 -1856 -1344 0
w -1856 -1344 -2128 -1344 0
w -2128 -1424 -2128 -1344 0
w -1792 -976 -1888 -976 0
w -1888 -976 -1888 -1312 0
w -1888 -1312 -2192 -1312 0
w -1728 -1024 -1920 -1024 0
w -1920 -1024 -1920 -1280 0
w -1920 -1280 -2272 -1280 0
w -1680 -1072 -1952 -1072 0
w -1952 -1072 -1952 -1248 0
w -1952 -1248 -2352 -1248 0
w -2208 -2320 -2208 -2752 0
w -2208 -2752 -2656 -2752 0
w -2112 -2320 -2112 -2784 0
w -2112 -2784 -2672 -2784 0
w -2672 -2640 -2656 -2640 0
w -2016 -2320 -2016 -2816 0
w -2016 -2816 -2688 -2816 0
w -2688 -2608 -2656 -2608 0
w -1920 -2320 -1920 -2848 0
w -1920 -2848 -2704 -2848 0
w -2704 -2576 -2656 -2576 0
w -1824 -2320 -1824 -2512 0
w -2592 -2512 -1824 -2512 0
w -2592 -2544 -2592 -2512 0
w -2560 -2544 -2560 -2496 0
w -2560 -2496 -1728 -2496 0
w -1728 -2496 -1728 -2320 0
w -1616 -2320 -1616 -2480 0
w -2528 -2544 -2528 -2480 0
w -2528 -2480 -1616 -2480 0
w -2656 -2752 -2656 -2672 0
w -2672 -2784 -2672 -2640 0
w -2688 -2816 -2688 -2608 0
w -2704 -2848 -2704 -2576 0
155 -1808 400 -1600 400 2 0
155 -976 368 -720 368 2 5
155 -64 368 48 368 2 0
155 416 368 576 368 2 0
150 -2256 352 -2160 352 0 2 5 5
150 -2112 368 -2032 368 0 2 5 5
150 -2112 480 -2032 480 0 2 0 5
150 -2256 496 -2176 496 0 2 0 5
150 -1520 336 -1456 336 0 2 0 5
150 -1520 432 -1440 432 0 2 5 5
150 -1344 368 -1280 368 0 2 0 5
150 -1344 480 -1280 480 0 2 5 5
150 -1520 512 -1440 512 0 2 5 5
150 -688 272 -608 272 0 2 0 5
150 -512 320 -432 320 0 2 0 5
150 -688 368 -608 368 0 2 5 5
150 -512 464 -432 464 0 2 0 5
150 -688 512 -608 512 0 2 0 5
152 -1968 400 -1888 400 0 2 5 5
152 -1168 368 -1088 368 0 2 5 5
152 -304 384 -208 384 0 2 0 5
w -1712 464 -1680 464 0
w -1680 464 -1680 224 0
w -1680 224 -2336 224 0
w -2336 224 -2336 336 0
w -2336 336 -2256 336 0
w 32 432 80 432 0
w 96 432 96 192 0
w 96 192 -2304 176 0
w -2304 176 -2304 368 0
w -2304 368 -2256 368 0
w -2160 352 -2112 352 0
w 512 432 544 432 0
w 544 432 544 176 0
w 544 176 -2144 160 0
w -2144 160 -2144 384 0
w -2144 384 -2112 384 0
w -2032 368 -2000 368 0
w -2000 368 -2000 384 0
w -2000 384 -1968 384 0
w -1968 416 -2000 416 0
w -2000 416 -2000 480 0
w -2000 480 -2032 480 0
w -1888 400 -1808 400 0
w -1680 464 -1648 464 0
w -1648 464 -1648 272 0
w -1648 272 -2288 272 0
w -2288 272 -2288 480 0
w -2288 480 -2256 480 0
w -880 432 -848 432 0
w -848 432 -848 240 0
w -848 240 -2368 240 0
w -2368 240 -2368 512 0
w -2368 512 -2256 512 0
w -2176 496 -2112 496 0
w 544 176 544 144 0
w 544 144 -2384 128 0
w -2384 128 -2384 448 0
w -2384 448 -2384 464 0
w -2384 464 -2112 464 0
w -1712 400 -1632 400 0
w -1632 400 -1632 320 0
w -1632 320 -1520 320 0
w -848 432 -816 432 0
w -816 432 -816 272 0
w -816 272 -1616 272 0
w -1616 272 -1616 352 0
w -1616 352 -1520 352 0
w -1456 336 -1392 336 0
w -1392 336 -1392 352 0
w -1392 352 -1344 352 0
w -1376 384 -1344 384 0
w -1280 368 -1216 368 0
w -1216 368 -1216 352 0
w -1216 352 -1168 352 0
w -1088 368 -976 368 0
w -1168 384 -1216 384 0
w -1216 384 -1216 480 0
w -1216 480 -1280 480 0
w -1440 432 -1392 432 0
w -1392 432 -1392 464 0
w -1392 464 -1344 464 0
w -1440 512 -1392 512 0
w -1392 512 -1392 496 0
w -1392 496 -1344 496 0
w -1648 464 -1616 464 0
w -1616 464 -1616 416 0
w -1616 416 -1520 416 0
w -880 368 -880 288 0
w -880 288 -1600 288 0
w -1600 288 -1600 448 0
w -1600 448 -1520 448 0
w 96 432 80 432 0
w 544 176 544 208 0
w 544 208 -1376 208 0
w 96 432 96 576 0
w 96 576 -1584 576 0
w -1584 576 -1584 496 0
w -1584 496 -1520 496 0
w 544 432 544 560 0
w 544 560 -1568 560 0
w -1568 560 -1568 528 0
w -1568 528 -1520 528 0
w -1712 400 -1696 400 0
w -1696 400 -1696 608 0
w -1696 608 -768 608 0
w -768 608 -768 256 0
w -768 256 -688 256 0
w -880 368 -800 368 0
w -800 368 -800 288 0
w -800 288 -688 288 0
w -608 272 -560 272 0
w -560 272 -560 304 0
w -560 304 -512 304 0
w -608 368 -560 368 0
w -560 368 -560 336 0
w -560 336 -512 336 0
w -432 320 -368 320 0
w -368 320 -368 368 0
w -368 368 -304 368 0
w -432 464 -368 464 0
w -368 464 -368 400 0
w -368 400 -304 400 0
w -512 448 -576 448 0
w -576 448 -576 512 0
w -576 512 -608 512 0
w 96 576 96 592 0
w 96 592 -752 592 0
w -752 592 -752 352 0
w -752 352 -688 352 0
w 544 560 544 608 0
w 544 608 -736 608 0
w -736 608 -736 384 0
w -736 384 -688 384 0
w 544 560 544 544 0
w 544 544 -544 544 0
w -544 480 -512 480 0
w -816 432 -704 432 0
w -704 432 -704 496 0
w -704 496 -688 496 0
w 32 368 64 368 0
w 64 368 64 224 0
w 64 224 -720 224 0
w -720 224 -720 528 0
w -720 528 -688 528 0
w -208 384 -96 384 0
w -96 384 -96 368 0
w -96 368 -64 368 0
w -576 80 -2496 80 0
w -2496 80 -2496 672 0
w -2496 672 -1856 672 0
w -1856 672 -1856 432 0
w -1856 432 -1808 432 0
w -1856 672 -1024 672 0
w -1024 672 -1024 400 0
w -1024 400 -976 400 0
w -1024 672 -128 672 0
w -128 672 -128 416 0
w -128 416 -128 400 0
w -128 400 -64 400 0
w -128 672 320 672 0
w 320 672 320 400 0
w 320 400 416 400 0
w -2784 816 -880 816 0
w -880 816 -880 368 0
w -3376 848 32 832 0
w 32 832 32 368 0
w -3488 912 512 896 0
w 512 896 512 368 0
w -1664 784 -1664 384 0
w -1664 384 -1712 384 0
w -1712 384 -1712 400 0
w 1072 96 -576 80 0
150 -1152 464 -1072 464 0 2 5 5
w -1376 208 -1424 208 0
w -1424 208 -1424 416 0
w -1424 416 -1184 416 0
w -1184 416 -1184 448 0
w -1184 448 -1152 448 0
w 80 432 80 112 0
w 80 112 -1200 112 0
w -1200 112 -1200 480 0
w -1200 480 -1152 480 0
w -1072 464 -1072 528 0
w -1072 528 -1376 528 0
w -1376 528 -1376 384 0
150 -320 480 -240 480 0 2 5 5
w -544 544 -544 512 0
w -544 512 -320 512 0
w -320 512 -320 496 0
w -352 464 -320 464 0
w -240 480 -224 480 0
w -224 480 -224 432 0
w -224 432 -560 432 0
w -560 432 -560 480 0
w -560 480 -544 480 0
w -352 464 -352 752 0
w -352 752 -1728 752 0
w -1728 752 -1728 528 0
w -1728 528 -1712 528 0
w -1712 528 -1712 464 0
w 1072 -688 1072 96 0
w -1664 784 -2784 784 0
w -3200 -1856 -3200 -1680 0
w -3168 -1856 -3200 -1856 0
w -3168 -2064 -3168 -1856 0
w -3184 -1824 -3184 -1632 0
w -3152 -1824 -3184 -1824 0
w -3152 -2064 -3152 -1824 0
w -2976 -2064 -2976 -2016 0
w -2752 -2272 -2752 -2208 0
w -2992 -2272 -2752 -2272 0
w -2960 -2240 -2960 -2208 0
w -2864 -2256 -2864 -2208 0
w -3024 -2256 -2864 -2256 0
w -3024 -2272 -3024 -2256 0
w -3056 -2240 -2960 -2240 0
w -3056 -2272 -3056 -2240 0
w -3120 -2208 -3056 -2208 0
w -3120 -2304 -3120 -2208 0
w -3152 -2608 -3152 -2208 0
w -3248 -2640 -3248 -2208 0
w -3344 -2208 -3344 -2672 0
w -2896 -1984 -2896 -1824 0
w -3040 -1984 -2896 -1984 0
w -3040 -2064 -3040 -1984 0
w -2944 -2000 -2768 -2000 0
w -2976 -2000 -2944 -2000 0
w -2944 -2064 -2944 -2000 0
w -2768 -2064 -2768 -2000 0
w -2976 -1824 -2976 -2000 0
w -3056 -2000 -2976 -2000 0
w -3056 -2064 -3056 -2000 0
w -3264 -1904 -3264 -1824 0
w -2880 -1904 -3264 -1904 0
w -2880 -2064 -2880 -1904 0
w -3056 -1936 -2848 -1936 0
w -3056 -1936 -3056 -1824 0
w -3136 -1936 -3056 -1936 0
w -3216 -1936 -3136 -1936 0
w -3136 -2064 -3136 -1936 0
w -3216 -2064 -3216 -1936 0
w -3136 -1920 -3136 -1824 0
w -3232 -1920 -3136 -1920 0
w -3232 -2064 -3232 -1920 0
w -3312 -1552 -3312 -1504 0
w -3296 -1552 -3312 -1552 0
w -3296 -2016 -3296 -1552 0
w -3264 -2016 -3296 -2016 0
w -3264 -2064 -3264 -2016 0
w -3312 -1568 -3296 -1568 0
w -3312 -2064 -3312 -1568 0
w -3360 -1968 -3360 -1824 0
w -3328 -1968 -3360 -1968 0
w -3328 -2064 -3328 -1968 0
x -2760 -2132 -2747 -2129 4 24 g
x -2872 -2132 -2866 -2129 4 24 f
x -2968 -2132 -2955 -2129 4 24 e
x -3064 -2132 -3051 -2129 4 24 d
x -3160 -2132 -3148 -2129 4 24 c
x -3256 -2132 -3243 -2129 4 24 b
x -3352 -2132 -3339 -2129 4 24 a
w -2848 -2064 -2848 -1936 0
w -2832 -2016 -2736 -2016 0
w -2832 -2064 -2832 -2016 0
w -2736 -2016 -2736 -1824 0
w -2720 -2016 -2736 -2016 0
w -2720 -2064 -2720 -2016 0
w -2816 -2032 -2736 -2032 0
w -2816 -2032 -3024 -2032 0
w -2816 -2032 -2816 -1824 0
w -3024 -2032 -3024 -2064 0
w -2736 -2064 -2736 -2032 0
w -3072 -2064 -3072 -2032 0
w -3360 -2032 -3072 -2032 0
w -3440 -2032 -3440 -1824 0
w -3360 -2032 -3440 -2032 0
w -3360 -2064 -3360 -2032 0
w -2784 -2048 -2784 -2064 0
w -2896 -2048 -2784 -2048 0
w -2896 -2048 -2896 -2064 0
w -2976 -2048 -2896 -2048 0
w -3088 -2048 -2976 -2048 0
w -3088 -2048 -3088 -2064 0
w -3280 -2048 -3088 -2048 0
w -3280 -2048 -3280 -2064 0
w -3376 -2048 -3280 -2048 0
w -3376 -2048 -3376 -2064 0
w -3488 -2048 -3488 912 0
w -3376 -2048 -3488 -2048 0
152 -3344 -2064 -3344 -2208 0 4 5 5
152 -3248 -2064 -3248 -2208 0 4 5 5
152 -3152 -2064 -3152 -2208 0 3 0 5
152 -3056 -2064 -3056 -2208 0 5 5 5
152 -2960 -2064 -2960 -2208 0 2 5 5
152 -2864 -2064 -2864 -2208 0 4 0 5
152 -2752 -2064 -2752 -2208 0 4 5 5
157 -2992 -2672 -2928 -2672 0 7 0 0
w -2832 -1504 -3312 -1504 0
w -3296 -1520 -3296 -1488 0
w -3072 -1520 -3296 -1520 0
w -3072 -1712 -3072 -1520 0
w -2896 -1520 -3072 -1520 0
w -2896 -1712 -2896 -1520 0
w -2720 -1520 -2896 -1520 0
w -2720 -1712 -2720 -1520 0
w -3312 -1504 -3360 -1504 0
w -2832 -1712 -2832 -1504 0
w -3328 -1392 -3312 816 0
w -3328 -1392 -3296 -1392 0
w -3328 -1568 -3328 -1392 0
w -3312 -1568 -3328 -1568 0
w -3152 -1568 -3296 -1568 0
w -3152 -1664 -3152 -1568 0
w -3264 -1392 -3264 -1312 0
w -3264 -1632 -3344 -1632 0
w -3264 -1392 -3264 -1632 0
w -3232 -1392 -3264 -1392 0
w -3360 -1504 -3360 -1488 0
w -3376 -1504 -3360 -1504 0
w -3376 -1616 -3376 -1504 0
w -3456 -1616 -3376 -1616 0
w -3456 -1712 -3456 -1616 0
w -3344 -1712 -3344 -1632 0
w -3184 -1632 -3264 -1632 0
w -3120 -1632 -3184 -1632 0
w -3120 -1712 -3120 -1632 0
w -2880 -1632 -3120 -1632 0
w -2880 -1712 -2880 -1632 0
w -3232 -1648 -3424 -1648 0
w -3232 -1648 -3232 -1488 0
w -3040 -1648 -3232 -1648 0
w -3040 -1712 -3040 -1648 0
w -2960 -1648 -3040 -1648 0
w -2960 -1712 -2960 -1648 0
w -2800 -1712 -2800 -1664 0
w -2992 -1664 -2800 -1664 0
w -3152 -1664 -2992 -1664 0
w -3152 -1712 -3152 -1664 0
w -3200 -1680 -3280 -1680 0
w -2992 -1712 -2992 -1664 0
w -3424 -1664 -3424 -1648 0
w -3424 -1712 -3424 -1664 0
w -3248 -1664 -3424 -1664 0
w -3248 -1712 -3248 -1664 0
w -3376 -1680 -3360 -1680 0
w -3408 -1552 -3408 -1392 0
w -3360 -1552 -3408 -1552 0
w -3360 -1680 -3360 -1552 0
w -3280 -1712 -3280 -1680 0
w -2752 -1712 -2752 -1680 0
w -2912 -1680 -2752 -1680 0
w -3200 -1680 -2912 -1680 0
w -2912 -1712 -2912 -1680 0
w -3360 -1680 -3280 -1680 0
w -3376 -1712 -3376 -1680 0
w -3408 -1392 -3376 848 0
w -3408 -1392 -3360 -1392 0
I -3232 -1392 -3232 -1488 0 0.5 5
I -3296 -1392 -3296 -1488 0 0.5 5
I -3360 -1392 -3360 -1488 0 0.5 5
150 -2896 -1712 -2896 -1824 0 3 0 5
150 -2736 -1712 -2736 -1824 0 2 0 5
150 -2816 -1712 -2816 -1824 0 2 5 5
150 -3056 -1712 -3056 -1824 0 2 0 5
150 -2976 -1712 -2976 -1824 0 2 5 5
150 -3264 -1712 -3264 -1824 0 2 0 5
150 -3136 -1712 -3136 -1824 0 2 0 5
150 -3360 -1712 -3360 -1824 0 2 0 5
150 -3440 -1712 -3440 -1824 0 2 5 5
w -3264 -1312 -3248 784 0
w -2784 784 -3248 784 0
w -2784 816 -3312 816 0
w -2992 -2672 -3344 -2672 0
w -2992 -2640 -3248 -2640 0
w -2992 -2608 -3152 -2608 0
w -2992 -2576 -3120 -2576 0
w -3120 -2576 -3120 -2304 0
w -3056 -2272 -3056 -2544 0
w -2928 -2544 -3056 -2544 0
w -2896 -2544 -2896 -2528 0
w -2896 -2528 -3024 -2528 0
w -3024 -2528 -3024 -2272 0
w -2864 -2544 -2864 -2512 0
w -2864 -2512 -2992 -2512 0
w -2992 -2512 -2992 -2272 0
w -1632 1008 -1728 1008 0
w 64 1040 -1728 1040 0
150 -1728 1024 -1888 1024 0 2 0 5
I -1888 1024 -2016 1024 0 0.5 5
w -2016 1024 -4032 1024 0
w -4064 -2304 -4064 -2256 0
150 -4480 -1696 -4480 -1808 0 2 0 5
150 -4400 -1696 -4400 -1808 0 2 0 5
150 -4176 -1696 -4176 -1808 0 2 0 5
150 -4304 -1696 -4304 -1808 0 2 5 5
150 -4016 -1696 -4016 -1808 0 2 0 5
150 -4096 -1696 -4096 -1808 0 2 5 5
150 -3856 -1696 -3856 -1808 0 2 0 5
150 -3776 -1696 -3776 -1808 0 2 5 5
150 -3936 -1696 -3936 -1808 0 3 0 5
I -4400 -1376 -4400 -1472 0 0.5 5
I -4336 -1376 -4336 -1472 0 0.5 5
I -4272 -1376 -4272 -1472 0 0.5 5
w -4416 -1696 -4416 -1664 0
w -4400 -1664 -4320 -1664 0
w -3952 -1696 -3952 -1664 0
w -4240 -1664 -3952 -1664 0
w -3952 -1664 -3792 -1664 0
w -3792 -1696 -3792 -1664 0
w -4320 -1696 -4320 -1664 0
w -4400 -1664 -4400 -1536 0
w -4400 -1536 -4448 -1536 0
w -4448 -1536 -4448 -1376 0
w -4416 -1664 -4400 -1664 0
w -4288 -1696 -4288 -1648 0
w -4288 -1648 -4464 -1648 0
w -4464 -1696 -4464 -1648 0
w -4464 -1648 -4464 -1632 0
w -4032 -1696 -4032 -1648 0
w -4240 -1664 -4320 -1664 0
w -4192 -1696 -4192 -1648 0
w -4192 -1648 -4032 -1648 0
w -4032 -1648 -3840 -1648 0
w -3840 -1696 -3840 -1648 0
w -4000 -1696 -4000 -1632 0
w -4000 -1632 -4080 -1632 0
w -4080 -1696 -4080 -1632 0
w -4080 -1632 -4272 -1632 0
w -4272 -1632 -4272 -1472 0
w -4272 -1632 -4464 -1632 0
w -3920 -1696 -3920 -1616 0
w -3920 -1616 -4160 -1616 0
w -4160 -1696 -4160 -1616 0
w -4160 -1616 -4224 -1616 0
w -4224 -1616 -4304 -1616 0
w -4384 -1696 -4384 -1616 0
w -4496 -1696 -4496 -1600 0
w -4496 -1600 -4416 -1600 0
w -4416 -1600 -4416 -1488 0
w -4416 -1488 -4400 -1488 0
w -4400 -1488 -4400 -1472 0
w -4304 -1376 -4304 -1616 0
w -4304 -1616 -4384 -1616 0
w -4192 -1648 -4192 -1552 0
w -4192 -1552 -4336 -1552 0
w -4352 -1552 -4368 -1552 0
w -4368 -1552 -4368 -1376 0
w -3872 -1696 -3872 -1488 0
w -4352 -1488 -4400 -1488 0
w -3760 -1696 -3760 -1504 0
w -3760 -1504 -3936 -1504 0
w -3936 -1696 -3936 -1504 0
w -3936 -1504 -4112 -1504 0
w -4112 -1696 -4112 -1504 0
w -4112 -1504 -4336 -1504 0
w -4336 -1504 -4336 -1472 0
w -3872 -1488 -4352 -1488 0
157 -4320 -2656 -4256 -2656 0 7 0 0
152 -3792 -2048 -3792 -2192 0 4 5 5
152 -3904 -2048 -3904 -2192 0 4 5 5
152 -4000 -2048 -4000 -2192 0 2 0 5
152 -4096 -2048 -4096 -2192 0 5 0 5
152 -4192 -2048 -4192 -2192 0 3 5 5
152 -4288 -2048 -4288 -2192 0 4 5 5
152 -4384 -2048 -4384 -2192 0 4 0 5
w -4416 -2032 -4528 -2032 0
w -4416 -2032 -4416 -2048 0
w -4416 -2032 -4320 -2032 0
w -4320 -2032 -4320 -2048 0
w -4320 -2032 -4128 -2032 0
w -4128 -2032 -4128 -2048 0
w -4128 -2032 -4016 -2032 0
w -4016 -2032 -3936 -2032 0
w -3936 -2032 -3936 -2048 0
w -3936 -2032 -3824 -2032 0
w -3824 -2032 -3824 -2048 0
w -4400 -2048 -4400 -2016 0
w -4400 -2016 -4480 -2016 0
w -4480 -2016 -4480 -1808 0
w -4400 -2016 -4112 -2016 0
w -4112 -2048 -4112 -2016 0
w -3776 -2048 -3776 -2016 0
w -4064 -2016 -4064 -2048 0
w -3856 -2016 -3856 -1808 0
w -3856 -2016 -4064 -2016 0
w -3856 -2016 -3776 -2016 0
w -3760 -2048 -3760 -2000 0
w -3760 -2000 -3776 -2000 0
w -3776 -2000 -3776 -1808 0
w -3872 -2048 -3872 -2000 0
w -3872 -2000 -3776 -2000 0
w -3888 -2048 -3888 -1920 0
x -4392 -2116 -4379 -2113 4 24 a
x -4296 -2116 -4283 -2113 4 24 b
x -4200 -2116 -4188 -2113 4 24 c
x -4104 -2116 -4091 -2113 4 24 d
x -4008 -2116 -3995 -2113 4 24 e
x -3912 -2116 -3906 -2113 4 24 f
x -3800 -2116 -3787 -2113 4 24 g
w -4368 -2048 -4368 -1952 0
w -4368 -1952 -4400 -1952 0
w -4400 -1952 -4400 -1808 0
w -4352 -2048 -4352 -1552 0
w -4352 -1552 -4336 -1552 0
w -4304 -2048 -4304 -2000 0
w -4304 -2000 -4336 -2000 0
w -4336 -2000 -4336 -1536 0
w -4336 -1536 -4352 -1536 0
w -4352 -1536 -4352 -1488 0
w -4272 -2048 -4272 -1904 0
w -4272 -1904 -4176 -1904 0
w -4176 -1904 -4176 -1808 0
w -4256 -2048 -4256 -1920 0
w -4176 -2048 -4176 -1920 0
w -4256 -1920 -4176 -1920 0
w -4176 -1920 -4096 -1920 0
w -4096 -1920 -4096 -1808 0
w -4096 -1920 -3888 -1920 0
w -3920 -2048 -3920 -1888 0
w -3920 -1888 -4304 -1888 0
w -4304 -1888 -4304 -1808 0
w -4096 -2048 -4096 -1984 0
w -4096 -1984 -4016 -1984 0
w -4016 -1808 -4016 -1984 0
w -3808 -2048 -3808 -1984 0
w -3984 -2048 -3984 -1984 0
w -4016 -1984 -3984 -1984 0
w -3984 -1984 -3808 -1984 0
w -4080 -2048 -4080 -1968 0
w -4080 -1968 -3936 -1968 0
w -3936 -1968 -3936 -1808 0
w -4384 -2192 -4384 -2656 0
w -4192 -2224 -4192 -2192 0
w -4160 -2256 -4160 -2192 0
w -4160 -2192 -4096 -2192 0
w -4096 -2256 -4096 -2224 0
w -4096 -2224 -4000 -2224 0
w -4064 -2256 -4064 -2240 0
w -4064 -2240 -3904 -2240 0
w -3904 -2240 -3904 -2192 0
w -4000 -2224 -4000 -2192 0
w -4032 -2256 -3792 -2256 0
w -3792 -2256 -3792 -2192 0
w -4016 -2000 -4112 -2000 0
w -4112 -2016 -4112 -2000 0
w -4016 -2048 -4016 -2000 0
w -4192 -2048 -4192 -1808 0
w -4192 -1808 -4224 -1808 0
w -4224 -1808 -4224 -1616 0
w -4208 -2048 -4208 -1840 0
w -4208 -1840 -4240 -1840 0
w -4240 -1840 -4240 -1664 0
w -4272 -1376 -4304 -1376 0
w -4336 -1376 -4368 -1376 0
w -4400 -1376 -4448 -1376 0
w -4448 -1376 -4448 -1344 0
w -4368 -1376 -4368 -1344 0
w -4304 -1376 -4304 -1344 0
w -1632 400 -1632 1008 0
w 64 368 64 1040 0
w -4048 -48 -4032 1024 0
w -7424 -1024 -7424 -1200 0
w -7152 -1024 -7424 -1024 0
w -7392 -976 -7392 -1232 0
w -7200 -976 -7392 -976 0
w -7360 -928 -7360 -1264 0
w -7264 -928 -7360 -928 0
w -7328 -896 -7328 -1296 0
155 -7488 -672 -7376 -672 2 0
155 -6784 -672 -6672 -672 2 0
155 -5968 -672 -5888 -672 2 5
155 -4976 -704 -4912 -704 2 0
150 -7872 -672 -7792 -672 0 2 5 5
w -7392 -608 -7392 -544 0
w -7392 -544 -7968 -544 0
w -7968 -544 -7968 -688 0
w -7968 -688 -7872 -688 0
w -4880 -640 -4880 -464 0
w -4880 -464 -7936 -480 0
w -7936 -480 -7936 -656 0
w -7936 -656 -7872 -656 0
150 -7248 -688 -7168 -688 0 2 0 5
150 -7088 -672 -7008 -672 0 2 0 5
150 -7088 -576 -7008 -576 0 2 0 5
150 -7248 -560 -7168 -560 0 2 0 5
152 -6960 -624 -6880 -624 0 2 0 5
w -7392 -672 -7360 -672 0
w -7328 -672 -7328 -704 0
w -7328 -704 -7248 -704 0
w -6688 -608 -6688 -432 0
w -6688 -432 -7312 -432 0
w -7312 -432 -7312 -672 0
w -7312 -672 -7248 -672 0
w -7168 -688 -7088 -688 0
w -4880 -464 -4880 -352 0
w -7152 -352 -7152 -656 0
w -7152 -656 -7088 -656 0
w -7008 -672 -6992 -672 0
w -6992 -672 -6992 -640 0
w -6992 -640 -6960 -640 0
w -6960 -608 -6992 -608 0
w -6992 -608 -6992 -576 0
w -6992 -576 -7008 -576 0
w -6880 -624 -6848 -624 0
w -6848 -624 -6848 -672 0
w -6848 -672 -6784 -672 0
w -7392 -608 -7280 -608 0
w -7280 -608 -7280 -576 0
w -7280 -576 -7248 -576 0
w -6688 -672 -6640 -672 0
w -6640 -672 -6640 -496 0
w -6640 -496 -7296 -496 0
w -7296 -496 -7296 -544 0
w -7296 -544 -7248 -544 0
w -7168 -560 -7088 -560 0
w -7120 -352 -7120 -592 0
w -7120 -592 -7088 -592 0
150 -6496 -848 -6416 -848 0 2 0 5
150 -6496 -768 -6416 -768 0 2 0 5
150 -6352 -800 -6272 -800 0 2 0 5
150 -6352 -704 -6272 -704 0 2 5 5
150 -6496 -656 -6416 -656 0 2 5 5
150 -6352 -624 -6272 -624 0 2 5 5
150 -6496 -560 -6416 -560 0 2 5 5
152 -6224 -752 -6144 -752 0 2 5 5
152 -6112 -672 -6032 -672 0 2 5 5
w -6496 -864 -7328 -864 0
w -7328 -864 -7328 -704 0
w -6688 -672 -6688 -832 0
w -6688 -832 -6496 -832 0
w -6416 -848 -6384 -848 0
w -6384 -848 -6384 -816 0
w -6384 -816 -6352 -816 0
w -6352 -784 -6384 -784 0
w -6384 -784 -6384 -768 0
w -6384 -768 -6416 -768 0
w -5872 -608 -5872 -496 0
w -5872 -496 -6608 -496 0
w -6608 -496 -6608 -784 0
w -6608 -784 -6496 -784 0
w -6560 -352 -6560 -752 0
w -6560 -752 -6496 -752 0
w -6688 -608 -6576 -608 0
w -6576 -608 -6576 -672 0
w -6576 -672 -6496 -672 0
w -5872 -672 -5840 -672 0
w -5840 -672 -5840 -512 0
w -5840 -512 -6544 -512 0
w -6544 -512 -6544 -640 0
w -6544 -640 -6496 -640 0
w -6416 -656 -6384 -656 0
w -6384 -656 -6384 -720 0
w -6384 -720 -6352 -720 0
w -6400 -688 -6352 -688 0
w -7392 -544 -7392 -512 0
w -7392 -512 -6576 -512 0
w -6576 -512 -6576 -576 0
w -6576 -576 -6496 -576 0
w -5840 -672 -5808 -672 0
w -5808 -672 -5808 -528 0
w -5808 -528 -6512 -528 0
w -6512 -528 -6512 -544 0
w -6512 -544 -6496 -544 0
w -6416 -560 -6384 -560 0
w -6384 -560 -6384 -640 0
w -6384 -640 -6352 -640 0
w -6352 -352 -6352 -608 0
w -6272 -800 -6240 -800 0
w -6240 -800 -6240 -768 0
w -6240 -768 -6224 -768 0
w -6272 -704 -6240 -704 0
w -6240 -704 -6240 -736 0
w -6240 -736 -6224 -736 0
w -6144 -752 -6144 -688 0
w -6144 -688 -6112 -688 0
w -6272 -624 -6144 -624 0
w -6144 -624 -6144 -656 0
w -6144 -656 -6112 -656 0
w -6032 -672 -5968 -672 0
150 -5600 -816 -5520 -816 0 2 0 5
150 -5600 -736 -5520 -736 0 2 5 5
150 -5600 -640 -5520 -640 0 2 5 5
150 -5600 -560 -5520 -560 0 2 0 5
150 -5456 -768 -5376 -768 0 2 0 5
150 -5440 -592 -5360 -592 0 2 0 5
152 -5280 -688 -5200 -688 0 2 0 5
w -7328 -864 -7328 -896 0
w -7328 -896 -5712 -896 0
w -5712 -896 -5712 -832 0
w -5712 -832 -5600 -832 0
w -6688 -832 -6688 -928 0
w -6688 -928 -5680 -928 0
w -5680 -928 -5680 -800 0
w -5680 -800 -5600 -800 0
w -5520 -816 -5488 -816 0
w -5488 -816 -5488 -784 0
w -5488 -784 -5456 -784 0
w -5808 -672 -5808 -752 0
w -5808 -752 -5600 -752 0
w -5520 -736 -5488 -736 0
w -5488 -736 -5488 -752 0
w -5488 -752 -5456 -752 0
w -4880 -352 -4880 -400 0
w -4880 -400 -5104 -400 0
w -5104 -400 -5760 -400 0
w -5760 -400 -5760 -720 0
w -5760 -720 -5600 -720 0
w -7392 -512 -7392 -400 0
w -7392 -400 -5808 -400 0
w -5808 -400 -5808 -496 0
w -5808 -496 -5712 -496 0
w -5712 -496 -5712 -656 0
w -5712 -656 -5600 -656 0
w -6688 -432 -5680 -432 0
w -5680 -432 -5680 -624 0
w -5680 -624 -5600 -624 0
w -5520 -640 -5488 -640 0
w -5488 -640 -5488 -608 0
w -5488 -608 -5440 -608 0
w -5520 -560 -5472 -560 0
w -5472 -560 -5472 -576 0
w -5472 -576 -5440 -576 0
w -5872 -496 -5872 -576 0
w -5872 -576 -5600 -576 0
w -4880 -704 -4848 -704 0
w -4848 -704 -4848 -496 0
w -4848 -496 -5648 -496 0
w -5648 -496 -5648 -544 0
w -5648 -544 -5600 -544 0
w -5376 -768 -5312 -768 0
w -5312 -768 -5312 -704 0
w -5312 -704 -5280 -704 0
w -5360 -592 -5312 -592 0
w -5312 -592 -5312 -672 0
w -5312 -672 -5280 -672 0
w -5200 -688 -5056 -688 0
w -5056 -688 -5056 -704 0
w -5056 -704 -4976 -704 0
w -7264 -928 -6688 -928 0
w -7200 -976 -5872 -976 0
w -5872 -976 -5872 -672 0
w -7152 -1024 -4896 -1024 0
w -4896 -1024 -4880 -1024 0
w -4880 -1024 -4880 -704 0
w -7792 -48 -7424 -48 0
w -7792 -48 -7792 -640 0
w -7792 -640 -7488 -640 0
w -7424 -48 -6832 -48 0
w -6832 -48 -6832 -640 0
w -6832 -640 -6784 -640 0
w -6832 -48 -6064 -48 0
w -6064 -48 -6032 -48 0
w -6032 -48 -6032 -640 0
w -6032 -640 -5968 -640 0
w -6032 -48 -5040 -32 0
w -5040 -32 -5040 -656 0
w -5040 -656 -5040 -672 0
w -5040 -672 -4976 -672 0
152 -7728 -752 -7632 -752 0 2 5 5
150 -8016 -912 -7936 -912 0 2 5 5
150 -7888 -880 -7808 -880 0 2 0 5
w -7392 -400 -8096 -400 0
w -8096 -400 -8096 -928 0
w -8096 -928 -8016 -928 0
w -6688 -432 -6688 -192 0
w -6688 -192 -8048 -192 0
w -8048 -192 -8048 -896 0
w -8048 -896 -8016 -896 0
w -7936 -912 -7904 -912 0
w -7904 -912 -7904 -896 0
w -7904 -896 -7888 -896 0
w -5872 -496 -5872 -112 0
w -5872 -112 -8016 -112 0
w -8016 -112 -8016 -864 0
w -8016 -864 -7888 -864 0
w -7808 -880 -7744 -880 0
w -7744 -880 -7744 -768 0
w -7744 -768 -7728 -768 0
w -7792 -672 -7760 -672 0
w -7760 -672 -7760 -736 0
w -7760 -736 -7728 -736 0
w -7632 -752 -7536 -752 0
w -7536 -752 -7536 -688 0
w -7536 -688 -7536 -672 0
w -7536 -672 -7504 -672 0
w -7504 -672 -7488 -672 0
w -6400 -688 -6400 -352 0
w -7152 -352 -7120 -352 0
w -7120 -352 -6560 -352 0
w -6560 -352 -6400 -352 0
w -6400 -352 -6352 -352 0
w -6352 -352 -4880 -352 0
w -7360 -672 -7328 -672 0
w -5040 -32 -4048 -48 0
w -4528 -2032 -4528 -1200 0
w -2976 -2016 -3072 -2016 0
w -3072 -2016 -3072 -2032 0
w -7328 -1296 -4304 -1296 0
w -4304 -1344 -4304 -1296 0
w -4368 -1344 -4368 -1280 0
w -7360 -1264 -4368 -1280 0
w -4448 -1344 -4448 -1232 0
w -7392 -1232 -4448 -1232 0
w -7424 -1200 -4528 -1200 0
w -4384 -2656 -4320 -2656 0
w -4320 -2624 -4368 -2624 0
w -4368 -2624 -4368 -2192 0
w -4368 -2192 -4288 -2192 0
w -4192 -2224 -4352 -2224 0
w -4352 -2592 -4352 -2224 0
w -4352 -2592 -4320 -2592 0
w -4160 -2256 -4336 -2256 0
w -4320 -2560 -4336 -2560 0
w -4336 -2560 -4336 -2256 0
w -4256 -2528 -4256 -2288 0
w -4256 -2288 -4096 -2288 0
w -4096 -2288 -4096 -2256 0
w -4064 -2304 -4224 -2304 0
w -4224 -2528 -4224 -2304 0
w -4192 -2528 -4192 -2336 0
w -4192 -2336 -4032 -2336 0
w -4032 -2336 -4032 -2256 0
w -6976 864 -8160 864 0
w -7024 608 -7024 544 0
w -7040 608 -7024 608 0
w -7040 832 -7040 608 0
w -5664 832 -7040 832 0
w -5664 544 -5664 832 0
w -5872 560 -5856 560 0
w -5872 512 -5872 560 0
w -5536 512 -5872 512 0
w -5536 560 -5536 512 0
w -5552 560 -5536 560 0
w -5664 544 -5632 544 0
w -5632 592 -5632 576 0
w -5856 592 -5632 592 0
w -5856 624 -5856 592 0
150 -5632 560 -5552 560 0 2 5 5
w -6688 608 -6688 464 0
w -6384 608 -6688 608 0
w -6384 544 -6384 608 0
w -6512 560 -6464 560 0
w -6512 192 -6512 560 0
w -5232 192 -6512 192 0
w -5232 512 -5232 192 0
w -6496 528 -6464 528 0
w -6496 496 -6496 528 0
w -6736 496 -6496 496 0
w -6736 288 -6736 496 0
w -6688 288 -6736 288 0
150 -6464 544 -6384 544 0 2 5 5
w -4384 176 -5888 160 0
w -7024 464 -7024 480 0
w -6976 464 -7024 464 0
w -6976 864 -6976 464 0
w -4800 976 -4800 448 0
w -8288 976 -4800 976 0
w -5280 912 -5280 448 0
w -8240 928 -5280 912 0
w -6192 896 -6192 448 0
w -8192 896 -6192 896 0
w -4992 480 -4896 480 0
w -4992 752 -4992 480 0
w -5440 752 -4992 752 0
w -5440 480 -5376 480 0
w -5440 496 -5440 480 0
w -5440 752 -5440 496 0
w -6336 752 -5440 752 0
w -6336 480 -6288 480 0
w -6336 752 -6336 480 0
w -7168 752 -6336 752 0
w -7168 512 -7120 512 0
w -7168 752 -7168 512 0
w -7808 752 -7168 752 0
w -7808 160 -7808 752 0
w -5888 160 -7808 160 0
w -5408 448 -5376 448 0
w -5408 464 -5408 448 0
w -5520 464 -5408 464 0
w -6032 608 -6000 608 0
w -6032 304 -6032 608 0
w -5248 304 -6032 304 0
w -5248 448 -5248 304 0
w -5280 448 -5248 448 0
w -6016 576 -6000 576 0
w -6016 512 -6016 576 0
w -6128 512 -6016 512 0
w -5856 560 -5824 560 0
w -4768 624 -5856 624 0
w -4768 640 -4768 624 0
w -6048 464 -6000 464 0
w -6048 688 -6048 464 0
w -4768 688 -6048 688 0
w -4768 640 -4768 688 0
w -6064 432 -6000 432 0
w -6064 672 -6064 432 0
w -5216 672 -6064 672 0
w -5216 656 -5216 672 0
w -5888 592 -5920 592 0
w -5888 528 -5888 592 0
w -5824 528 -5888 528 0
w -5680 480 -5616 480 0
w -5680 544 -5680 480 0
w -5744 544 -5680 544 0
w -5680 448 -5616 448 0
w -5680 400 -5680 448 0
w -5744 400 -5680 400 0
w -5872 416 -5824 416 0
w -5872 448 -5872 416 0
w -5920 448 -5872 448 0
w -5872 384 -5824 384 0
w -5872 352 -5872 384 0
w -5920 352 -5872 352 0
w -6112 368 -6000 368 0
w -6112 448 -6112 368 0
w -6192 448 -6112 448 0
w -6080 336 -6000 336 0
w -6080 688 -6080 336 0
w -7008 688 -6080 688 0
w -7008 480 -7008 688 0
w -7024 480 -7008 480 0
w -6880 608 -6832 608 0
w -6880 640 -6880 608 0
w -4768 640 -6880 640 0
w -4768 512 -4768 640 0
w -6896 576 -6832 576 0
w -6896 656 -6896 576 0
w -5216 656 -6896 656 0
w -5216 512 -5216 656 0
w -4768 288 -6688 288 0
w -4768 256 -4768 288 0
w -5216 512 -5232 512 0
w -6912 528 -6832 528 0
w -6912 368 -6912 528 0
w -6192 368 -6912 368 0
w -6192 448 -6192 368 0
w -6928 496 -6832 496 0
w -6928 544 -6928 496 0
w -6960 544 -6928 544 0
w -6704 576 -6656 576 0
w -6704 592 -6704 576 0
w -6752 592 -6704 592 0
w -6704 544 -6656 544 0
w -6704 512 -6704 544 0
w -6752 512 -6704 512 0
w -6528 560 -6592 560 0
w -6528 464 -6528 560 0
w -6480 464 -6528 464 0
w -6400 448 -6288 448 0
w -6528 432 -6480 432 0
w -6528 448 -6528 432 0
w -6592 448 -6528 448 0
w -6688 464 -6656 464 0
w -6704 432 -6656 432 0
w -6704 416 -6704 432 0
w -6768 416 -6704 416 0
w -6928 432 -6832 432 0
w -6928 352 -6928 432 0
w -6128 352 -6928 352 0
w -6128 512 -6128 352 0
w -6160 512 -6128 512 0
w -6944 400 -6832 400 0
w -6944 480 -6944 400 0
w -7024 480 -6944 480 0
w -7696 544 -7424 544 0
w -7696 528 -7696 544 0
w -7696 208 -7696 528 0
w -4768 224 -7696 208 0
w -4768 256 -4768 224 0
w -7488 576 -7424 576 0
w -7680 592 -7568 592 0
w -7680 320 -7680 592 0
w -6160 320 -7680 320 0
w -6160 512 -6160 320 0
w -6192 512 -6160 512 0
w -7600 560 -7568 560 0
w -7600 352 -7600 560 0
w -6960 352 -7600 352 0
w -6960 544 -6960 352 0
w -6992 544 -6960 544 0
w -7200 480 -7120 480 0
w -7312 560 -7344 560 0
w -7312 496 -7312 560 0
w -7280 496 -7312 496 0
w -7312 464 -7280 464 0
w -7312 448 -7312 464 0
w -7344 448 -7312 448 0
w -7456 464 -7424 464 0
w -7456 240 -7456 464 0
w -4768 256 -7456 240 0
w -4768 512 -4768 256 0
w -4800 512 -4768 512 0
w -7472 432 -7424 432 0
w -7616 448 -7568 448 0
w -7616 256 -7616 448 0
w -5216 272 -7616 256 0
w -5216 512 -5216 272 0
w -5280 512 -5232 512 0
w -7648 416 -7568 416 0
w -7648 304 -7648 416 0
w -6992 304 -7648 304 0
w -6992 544 -6992 304 0
w -7024 544 -6992 544 0
152 -5616 464 -5520 464 0 2 0 5
152 -6480 448 -6400 448 0 2 0 5
152 -7280 480 -7200 480 0 2 5 5
150 -6000 592 -5920 592 0 2 0 5
150 -5824 544 -5744 544 0 2 0 5
150 -6000 448 -5920 448 0 2 5 5
150 -5824 400 -5744 400 0 2 0 5
150 -6000 352 -5920 352 0 2 0 5
150 -6832 592 -6752 592 0 2 5 5
150 -6656 560 -6592 560 0 2 0 5
150 -6656 448 -6592 448 0 2 0 5
150 -6832 512 -6752 512 0 2 0 5
150 -6832 416 -6768 416 0 2 0 5
150 -7568 576 -7488 576 0 2 5 5
150 -7424 560 -7344 560 0 2 5 5
150 -7424 448 -7344 448 0 2 5 5
150 -7568 432 -7472 432 0 2 5 5
155 -4896 448 -4736 448 2 0
155 -5376 448 -5264 448 2 0
155 -6288 448 -6032 448 2 0
155 -7120 480 -6912 480 2 0
w -4384 -624 -4384 176 0
150 -4640 -624 -4496 -624 0 2 0 5
w -4848 -704 -4640 -688 0
w -4640 -688 -4640 -640 0
I -4496 -624 -4384 -624 0 0.5 5
w -7360 -672 -7360 -240 0
w -7360 -240 -4640 -240 0
w -4640 -608 -4640 -240 0
w -5360 -2016 -5360 -1152 0
w -5136 -1360 -5136 -1072 0
w -5200 -1360 -5200 -1104 0
w -5280 -1360 -5280 -1120 0
w -5232 -1360 -5280 -1360 0
w -5168 -1360 -5200 -1360 0
w -5104 -1360 -5136 -1360 0
w -5072 -1824 -5072 -1648 0
w -5040 -1824 -5072 -1824 0
w -5040 -2032 -5040 -1824 0
w -5056 -1792 -5056 -1600 0
w -5024 -1792 -5056 -1792 0
w -5024 -2032 -5024 -1792 0
w -4848 -2032 -4848 -1984 0
w -4944 -2000 -4944 -1984 0
w -4848 -1984 -4944 -1984 0
w -4624 -2240 -4624 -2176 0
w -4832 -2208 -4832 -2176 0
w -4736 -2224 -4736 -2176 0
w -4768 -1952 -4768 -1792 0
w -4912 -1952 -4768 -1952 0
w -4912 -2032 -4912 -1952 0
w -4816 -1968 -4640 -1968 0
w -4848 -1968 -4816 -1968 0
w -4816 -2032 -4816 -1968 0
w -4640 -2032 -4640 -1968 0
w -4848 -1792 -4848 -1968 0
w -4928 -1968 -4848 -1968 0
w -4928 -2032 -4928 -1968 0
w -5136 -1872 -5136 -1792 0
w -4752 -1872 -5136 -1872 0
w -4752 -2032 -4752 -1872 0
w -4928 -1904 -4720 -1904 0
w -4928 -1904 -4928 -1792 0
w -5008 -1904 -4928 -1904 0
w -5088 -1904 -5008 -1904 0
w -5008 -2032 -5008 -1904 0
w -5088 -2032 -5088 -1904 0
w -5008 -1888 -5008 -1792 0
w -5104 -1888 -5008 -1888 0
w -5104 -2032 -5104 -1888 0
w -5184 -1520 -5184 -1472 0
w -5168 -1520 -5184 -1520 0
w -5168 -1984 -5168 -1520 0
w -5136 -1984 -5168 -1984 0
w -5136 -2032 -5136 -1984 0
w -5184 -1536 -5168 -1536 0
w -5184 -2032 -5184 -1536 0
w -5232 -1936 -5232 -1792 0
w -5200 -1936 -5232 -1936 0
w -5200 -2032 -5200 -1936 0
x -4632 -2100 -4619 -2097 4 24 g
x -4744 -2100 -4738 -2097 4 24 f
x -4840 -2100 -4827 -2097 4 24 e
x -4936 -2100 -4923 -2097 4 24 d
x -5032 -2100 -5020 -2097 4 24 c
x -5128 -2100 -5115 -2097 4 24 b
x -5224 -2100 -5211 -2097 4 24 a
w -4720 -2032 -4720 -1904 0
w -4704 -1984 -4608 -1984 0
w -4704 -2032 -4704 -1984 0
w -4608 -1984 -4608 -1792 0
w -4592 -1984 -4608 -1984 0
w -4592 -2032 -4592 -1984 0
w -4688 -2000 -4608 -2000 0
w -4688 -2000 -4896 -2000 0
w -4688 -2000 -4688 -1792 0
w -4896 -2000 -4896 -2032 0
w -4608 -2032 -4608 -2000 0
w -4944 -2032 -4944 -2000 0
w -5232 -2000 -4944 -2000 0
w -5312 -2000 -5312 -1792 0
w -5232 -2000 -5312 -2000 0
w -5232 -2032 -5232 -2000 0
w -4656 -2016 -4656 -2032 0
w -4768 -2016 -4656 -2016 0
w -4768 -2016 -4768 -2032 0
w -4848 -2016 -4768 -2016 0
w -4960 -2016 -4848 -2016 0
w -4960 -2016 -4960 -2032 0
w -5152 -2016 -4960 -2016 0
w -5152 -2016 -5152 -2032 0
w -5248 -2016 -5152 -2016 0
w -5248 -2016 -5248 -2032 0
w -5248 -2016 -5360 -2016 0
152 -5216 -2032 -5216 -2176 0 4 5 5
152 -5120 -2032 -5120 -2176 0 4 5 5
152 -5024 -2032 -5024 -2176 0 3 5 5
152 -4928 -2032 -4928 -2176 0 5 5 5
152 -4832 -2032 -4832 -2176 0 2 5 5
152 -4736 -2032 -4736 -2176 0 4 5 5
152 -4624 -2032 -4624 -2176 0 4 0 5
157 -4720 -2656 -4656 -2656 0 7 0 0
w -4704 -1472 -5184 -1472 0
w -5168 -1488 -5168 -1456 0
w -4944 -1488 -5168 -1488 0
w -4944 -1680 -4944 -1488 0
w -4768 -1488 -4944 -1488 0
w -4768 -1680 -4768 -1488 0
w -4592 -1488 -4768 -1488 0
w -4592 -1680 -4592 -1488 0
w -5184 -1472 -5232 -1472 0
w -4704 -1680 -4704 -1472 0
w -5200 -1536 -5200 -1360 0
w -5184 -1536 -5200 -1536 0
w -5024 -1536 -5168 -1536 0
w -5024 -1632 -5024 -1536 0
w -5136 -1600 -5216 -1600 0
w -5136 -1360 -5136 -1600 0
w -5232 -1472 -5232 -1456 0
w -5248 -1472 -5232 -1472 0
w -5248 -1584 -5248 -1472 0
w -5328 -1584 -5248 -1584 0
w -5328 -1680 -5328 -1584 0
w -5216 -1680 -5216 -1600 0
w -5056 -1600 -5136 -1600 0
w -4992 -1600 -5056 -1600 0
w -4992 -1680 -4992 -1600 0
w -4752 -1600 -4992 -1600 0
w -4752 -1680 -4752 -1600 0
w -5104 -1616 -5296 -1616 0
w -5104 -1616 -5104 -1456 0
w -4912 -1616 -5104 -1616 0
w -4912 -1680 -4912 -1616 0
w -4832 -1616 -4912 -1616 0
w -4832 -1680 -4832 -1616 0
w -4672 -1680 -4672 -1632 0
w -4864 -1632 -4672 -1632 0
w -5024 -1632 -4864 -1632 0
w -5024 -1680 -5024 -1632 0
w -5072 -1648 -5152 -1648 0
w -4864 -1680 -4864 -1632 0
w -5296 -1632 -5296 -1616 0
w -5296 -1680 -5296 -1632 0
w -5120 -1632 -5296 -1632 0
w -5120 -1680 -5120 -1632 0
w -5248 -1648 -5232 -1648 0
w -5280 -1520 -5280 -1360 0
w -5232 -1520 -5280 -1520 0
w -5232 -1648 -5232 -1520 0
w -5152 -1680 -5152 -1648 0
w -4624 -1680 -4624 -1648 0
w -4784 -1648 -4624 -1648 0
w -5072 -1648 -4784 -1648 0
w -4784 -1680 -4784 -1648 0
w -5232 -1648 -5152 -1648 0
w -5248 -1680 -5248 -1648 0
I -5104 -1360 -5104 -1456 0 0.5 5
I -5168 -1360 -5168 -1456 0 0.5 5
I -5232 -1360 -5232 -1456 0 0.5 5
150 -4768 -1680 -4768 -1792 0 3 0 5
150 -4608 -1680 -4608 -1792 0 2 0 5
150 -4688 -1680 -4688 -1792 0 2 0 5
150 -4928 -1680 -4928 -1792 0 2 5 5
150 -4848 -1680 -4848 -1792 0 2 0 5
150 -5136 -1680 -5136 -1792 0 2 0 5
150 -5008 -1680 -5008 -1792 0 2 0 5
150 -5232 -1680 -5232 -1792 0 2 0 5
150 -5312 -1680 -5312 -1792 0 2 5 5
w -8160 864 -8144 -1040 0
w -8192 896 -8176 -1056 0
w -8240 928 -8208 -1088 0
w -8288 976 -8256 -1120 0
w -8144 -1040 -5136 -1072 0
w -8176 -1056 -5200 -1104 0
w -8208 -1088 -5280 -1120 0
w -8256 -1120 -5360 -1152 0
w -6944 480 -6944 1072 0
w -5248 448 -5248 1024 0
w -6944 1072 -5248 1056 0
I -5104 1040 -4784 1040 0 0.5 5
150 -5248 1040 -5104 1040 0 2 0 5
w -8480 1776 -8464 -2704 0
w -8544 1744 -8528 -2768 0
x -1571 -1984 -1516 -1981 4 100 1
x -2707 -2000 -2652 -1997 4 100 2
x -3731 -2016 -3676 -2013 4 100 3
x -5326 -2038 -5271 -2035 4 100 4
x -1512 -793 -1457 -790 4 100 1
x -227 326 -172 329 4 100 2
x -6072 -743 -6017 -740 4 100 3
x -5166 447 -5111 450 4 100 4
s -3456 -3024 -3184 -3024 0 0 false
w 752 -1184 768 -96 0
w 432 -80 768 -96 0
w -2192 -1424 -2192 -1312 0
w -2272 -1424 -2272 -1280 0
w -2352 -1424 -2352 -1248 0
w -4656 -2528 -4832 -2528 0
w -4832 -2528 -4832 -2208 0
w -4736 -2224 -4736 -2496 0
w -4736 -2496 -4624 -2496 0
w -4624 -2528 -4624 -2496 0
w -4592 -2528 -4592 -2464 0
w -4592 -2464 -4624 -2464 0
w -4624 -2464 -4624 -2240 0
w -4928 -2176 -4928 -2560 0
w -4720 -2560 -4928 -2560 0
w -5024 -2176 -5024 -2592 0
w -4720 -2592 -5024 -2592 0
w -4720 -2624 -5072 -2624 0
w -5072 -2624 -5072 -2176 0
w -5120 -2176 -5072 -2176 0
w -5216 -2176 -5216 -2192 0
w -5216 -2192 -5088 -2192 0
w -5088 -2192 -5088 -2656 0
w -4720 -2656 -5088 -2656 0
w -6464 1488 -6480 1488 0
w -6464 1376 -6464 1488 0
w -6576 1376 -6464 1376 0
w -6576 1424 -6576 1376 0
w -6656 1456 -6576 1456 0
w -6656 1456 -6656 1488 0
w -6656 1488 -6656 1504 0
w -6640 1504 -6656 1504 0
w -6640 1376 -6640 1504 0
w -6752 1376 -6640 1376 0
w -6752 1424 -6752 1376 0
w -6864 1456 -6752 1456 0
w -6864 1488 -6864 1456 0
w -6864 1504 -6864 1488 0
w -6848 1504 -6864 1504 0
w -6848 1392 -6848 1504 0
w -6960 1392 -6848 1392 0
w -6960 1424 -6960 1392 0
w -7072 1456 -6960 1456 0
w -7072 1488 -7072 1456 0
w -7072 1520 -7072 1488 0
w -7040 1520 -7072 1520 0
w -7040 1376 -7040 1520 0
w -7184 1376 -7040 1376 0
w -7184 1424 -7184 1376 0
w -7200 1744 -6816 1744 0
w -7232 1776 -7056 1776 0
w -7056 1424 -7056 1776 0
w -7168 1568 -7184 1568 0
w -7168 1488 -7168 1568 0
w -6960 1568 -7168 1568 0
w -6752 1568 -6960 1568 0
w -6576 1568 -6752 1568 0
w -6576 1488 -6576 1568 0
w -6752 1488 -6752 1568 0
w -6960 1488 -6960 1568 0
w -6656 1424 -6624 1424 0
w -6864 1424 -6832 1424 0
w -7072 1424 -7056 1424 0
w -7184 1424 -7168 1424 0
155 -6576 1424 -6544 1424 2 0
155 -6752 1424 -6720 1424 2 0
155 -6960 1424 -6928 1424 2 0
155 -7168 1424 -7136 1424 2 0
150 -7248 1712 -7248 1616 0 2 0 5
w -7232 1776 -7232 1712 0
w -7168 1312 -7168 1456 0
w -7232 1776 -8480 1776 0
w -7264 1744 -8544 1744 0
w -7168 1312 -4176 1312 0
x -6986 1686 -6931 1689 4 100 6
R -3456 -3024 -3584 -3024 1 2 25000 2.5 2.5 0 0.5
w -4176 1312 -4176 1952 0
w -6832 1424 -6832 1264 0
w -6832 1264 -4240 1264 0
w -4240 1744 -4240 1264 0
w -2016 -656 -2080 -656 0
w 752 -1184 -1296 -1184 0
w -1296 -1184 -1312 -2992 0
w -1312 -2992 -3184 -3024 0
w -2080 -656 -2080 -496 0
w -2080 -496 -1312 -496 0
w -1312 -656 -1312 -496 0
w -496 -656 -496 -496 0
w -1312 -496 -496 -496 0
w -496 -496 496 -496 0
w 496 -688 496 -496 0
w -7120 544 -7120 800 0
w -7120 800 -6288 800 0
w -6288 512 -6288 800 0
w -5376 512 -5376 800 0
w -6288 800 -5376 800 0
w -4896 512 -4896 800 0
w -5376 800 -4896 800 0
w -4976 -640 -4976 -320 0
w -5968 -608 -5968 -320 0
w -4976 -320 -5968 -320 0
w -4784 1040 -4128 1040 0
w -4896 800 -4544 800 0
w -4544 800 -4544 -320 0
w -7488 -608 -7488 -288 0
w -6784 -608 -6784 -288 0
w -7488 -288 -6784 -288 0
w -6784 -288 -5968 -288 0
w -5968 -320 -5968 -288 0
w -3216 -320 -2080 -336 0
w -2080 -496 -2080 -336 0
w 416 432 416 704 0
w -64 432 -64 704 0
w 416 704 -64 704 0
w -64 704 -976 704 0
w -976 432 -976 704 0
w -1808 464 -1808 704 0
w -976 704 -1808 704 0
w -4976 -320 -4544 -320 0
w -1808 704 -3216 704 0
w -3216 -320 -3216 704 0
w -3216 -320 -4544 -320 0
w -3216 -320 -3216 -1248 0
w -3216 -1248 -2576 -1248 0
w -2576 -1248 -2592 -2432 0
w -2592 -2432 -2752 -2432 0
w -2752 -2432 -2752 -2944 0
w -2752 -2944 -3456 -2944 0
L -3456 -2944 -3584 -2944 0 0 false 5 0
w -7264 1712 -7264 1744 0
w -7264 1744 -7200 1744 0
w -7184 1568 -7248 1568 0
w -7248 1568 -7248 1616 0
w -3712 2144 -3088 2144 0
w -3088 1680 -3088 2144 0
w -3792 2144 -3712 2144 0
w -3792 1744 -3792 2144 0
w -3712 1728 -3712 1744 0
w -3744 1632 -3696 1632 0
152 -3760 1632 -3760 1504 0 2 0 5
w -3808 1632 -3776 1632 0
150 -3808 1744 -3808 1632 0 2 0 5
w -2928 1648 -2880 1648 0
w -3088 1680 -2880 1680 0
w -3520 1744 -2880 1744 0
w -3632 1504 -3632 1584 0
w -3680 1472 -3632 1472 0
w -2928 1440 -2928 1648 0
w -3088 1440 -3088 1680 0
w -3296 1440 -3296 1776 0
w -3520 1440 -3520 1744 0
w -3424 1584 -3632 1584 0
w -3216 1584 -3424 1584 0
w -3040 1584 -3216 1584 0
w -3040 1504 -3040 1584 0
w -3216 1504 -3216 1584 0
w -3424 1504 -3424 1584 0
w -2944 1440 -2928 1440 0
w -3120 1440 -3088 1440 0
w -3328 1440 -3296 1440 0
w -3536 1440 -3520 1440 0
w -3648 1440 -3632 1440 0
155 -3040 1440 -3008 1440 2 0
155 -3216 1440 -3184 1440 2 5
155 -3424 1440 -3392 1440 2 0
155 -3632 1440 -3600 1440 2 0
w -2560 1744 -2880 1744 0
150 -3696 1728 -3696 1632 0 2 0 5
w -2928 1648 -3600 1648 0
w -4128 1040 -4128 1472 0
w -3680 1472 -4128 1472 0
w -3648 1440 -3648 1392 0
w -3648 1392 -3504 1392 0
w -3504 1392 -3504 1536 0
w -3504 1536 -3536 1536 0
w -3536 1504 -3536 1536 0
w -3536 1504 -3536 1472 0
w -3536 1472 -3424 1472 0
w -3424 1440 -3424 1392 0
w -3424 1392 -3312 1392 0
w -3312 1392 -3312 1536 0
w -3328 1504 -3328 1536 0
w -3328 1536 -3312 1536 0
w -3328 1504 -3328 1472 0
w -3328 1472 -3216 1472 0
w -3216 1440 -3216 1392 0
w -3216 1392 -3104 1392 0
w -3104 1392 -3104 1536 0
w -3120 1504 -3120 1536 0
w -3120 1536 -3104 1536 0
w -3120 1472 -3120 1504 0
w -3120 1472 -3040 1472 0
w -3040 1440 -3040 1392 0
w -3040 1392 -2896 1392 0
w -2896 1392 -2896 1504 0
w -2944 1504 -2896 1504 0
w -3760 1504 -3664 1504 0
w -3712 1744 -3712 1776 0
w -3712 1776 -3296 1776 0
w -3296 1776 -2576 1776 0
w -3680 1728 -3680 1744 0
w -3680 1744 -3600 1744 0
w -3600 1648 -3600 1744 0
w -2464 1552 -2880 1552 0
w -2880 1552 -2880 1648 0
w -2880 1680 -2512 1680 0
w -6832 1424 -6816 1424 0
w -6816 1424 -6816 1744 0
w -4240 1744 -3824 1744 0
w -3664 1504 -3664 1952 0
w -3664 1952 -4176 1952 0
157 -5632 -2624 -5568 -2624 0 7 0 0
w -6112 -2144 -5696 -2144 0
w -6144 -2064 -5728 -2064 0
w -6032 -1984 -5760 -1984 0
w -5920 -1904 -5568 -1904 0
w -5888 -1824 -5664 -1824 0
w -5856 -1728 -5584 -1728 0
w -7040 -2192 -6960 -2192 0
w -6960 -2192 -6960 -2160 0
I -6960 -2160 -6912 -2160 0 0.5 5
w -6976 -2128 -6976 -2096 0
w -6960 -2064 -6960 -2032 0
I -6960 -2032 -6912 -2032 0 0.5 5
I -6976 -2096 -6928 -2096 0 0.5 5
150 -6592 -2240 -6528 -2240 0 2 0 5
150 -6592 -2176 -6528 -2176 0 2 0 5
150 -6592 -2112 -6528 -2112 0 2 5 5
150 -6592 -2048 -6528 -2048 0 2 0 5
150 -6592 -1984 -6528 -1984 0 2 5 5
150 -6592 -1920 -6528 -1920 0 2 0 5
150 -6592 -1856 -6528 -1856 0 3 0 5
150 -6592 -1792 -6528 -1792 0 2 0 5
150 -6592 -1728 -6528 -1728 0 2 5 5
w -6832 -2160 -6832 -2256 0
w -6800 -2032 -6800 -2224 0
w -6800 -2224 -6592 -2224 0
w -6816 -2064 -6816 -2160 0
w -6816 -2160 -6592 -2160 0
w -6960 -2192 -6896 -2192 0
w -6896 -2128 -6592 -2128 0
w -6800 -2032 -6832 -2032 0
w -6832 -2032 -6912 -2032 0
w -6832 -2032 -6832 -2096 0
w -6832 -2096 -6592 -2096 0
w -6976 -2128 -6912 -2128 0
w -6784 -2080 -6784 -2064 0
w -6784 -2064 -6592 -2064 0
w -6960 -2064 -6880 -2064 0
w -6880 -2064 -6816 -2064 0
w -6880 -2064 -6880 -2016 0
w -6880 -2016 -6784 -2016 0
w -6784 -2016 -6784 -2032 0
w -6784 -2032 -6592 -2032 0
w -6912 -2080 -6848 -2080 0
w -6848 -2080 -6784 -2080 0
w -6848 -2096 -6848 -2000 0
w -6848 -2000 -6592 -2000 0
w -6832 -2032 -6832 -1968 0
w -6832 -1968 -6592 -1968 0
w -6912 -2128 -6912 -2112 0
w -6912 -2112 -6912 -2080 0
w -6912 -2112 -6768 -2112 0
w -6768 -2112 -6768 -1936 0
w -6768 -1936 -6592 -1936 0
w -6800 -2032 -6800 -1904 0
w -6800 -1904 -6592 -1904 0
w -6896 -2192 -6896 -2176 0
w -6896 -2176 -6896 -2128 0
w -6896 -2176 -6752 -2176 0
w -6752 -2176 -6752 -1872 0
w -6752 -1872 -6592 -1872 0
w -6928 -2096 -6864 -2096 0
w -6864 -2096 -6848 -2096 0
w -6864 -2096 -6864 -1840 0
w -6864 -1840 -6592 -1840 0
w -7040 -2064 -6992 -2064 0
w -6992 -2064 -6960 -2064 0
w -6992 -2064 -6992 -1856 0
w -6992 -1856 -6592 -1856 0
w -6912 -2160 -6832 -2160 0
w -6832 -2256 -6736 -2256 0
w -6736 -2256 -6592 -2256 0
w -6736 -2256 -6736 -1808 0
w -6736 -1808 -6592 -1808 0
w -6768 -1936 -6768 -1776 0
w -6768 -1776 -6592 -1776 0
w -6896 -2192 -6720 -2192 0
w -6720 -2192 -6592 -2192 0
w -6720 -2192 -6720 -1744 0
w -6720 -1744 -6592 -1744 0
w -6848 -1712 -6592 -1712 0
152 -6272 -2240 -6208 -2240 0 4 0 5
152 -6272 -2144 -6208 -2144 0 3 5 5
152 -6208 -2064 -6144 -2064 0 4 5 5
152 -6272 -1984 -6208 -1984 0 5 0 5
152 -6272 -1904 -6208 -1904 0 2 0 5
152 -6272 -1824 -6208 -1824 0 4 5 5
152 -6272 -1728 -6208 -1728 0 5 5 5
w -6848 -2256 -6848 -2288 0
w -6304 -2288 -6304 -2272 0
w -6304 -2272 -6272 -2272 0
w -6448 -2288 -6304 -2288 0
w -6304 -2240 -6304 -2256 0
w -6304 -2256 -6272 -2256 0
w -7056 -2128 -7008 -2128 0
w -7008 -2128 -6976 -2128 0
w -7008 -2128 -7008 -2304 0
w -7008 -2304 -6352 -2304 0
w -6352 -2304 -6352 -2208 0
w -6352 -2208 -6272 -2208 0
w -6528 -2176 -6496 -2176 0
w -6496 -2176 -6496 -2224 0
w -6496 -2224 -6272 -2224 0
w -6448 -2288 -6448 -2176 0
w -6736 -2256 -6736 -2320 0
w -6736 -2320 -6432 -2320 0
w -6432 -2320 -6432 -2160 0
w -6432 -2160 -6272 -2160 0
w -6528 -2048 -6400 -2048 0
w -6400 -2048 -6400 -2128 0
w -6400 -2128 -6272 -2128 0
w -6416 -1984 -6416 -2112 0
w -6416 -2112 -6304 -2112 0
w -6896 -2192 -6896 -2336 0
w -6896 -2336 -6384 -2336 0
w -6384 -2336 -6384 -2080 0
w -6384 -2080 -6208 -2080 0
w -6992 -1856 -6992 -1680 0
w -6992 -1680 -6464 -1680 0
w -6464 -1680 -6464 -2064 0
w -6464 -2064 -6272 -2064 0
w -6448 -2176 -6448 -2016 0
w -6448 -2016 -6272 -2016 0
w -6528 -2240 -6480 -2240 0
w -6480 -2240 -6480 -2000 0
w -6528 -1920 -6432 -1920 0
w -6432 -1920 -6432 -1968 0
w -6432 -1968 -6272 -1968 0
w -6416 -1792 -6416 -1952 0
w -6416 -1952 -6272 -1952 0
w -6448 -2016 -6448 -1936 0
w -6304 -1888 -6272 -1888 0
w -6448 -1936 -6448 -1856 0
w -6528 -2112 -6512 -2112 0
w -6512 -2112 -6512 -1872 0
w -6512 -1872 -6288 -1872 0
w -6288 -1872 -6288 -1840 0
w -6288 -1840 -6272 -1840 0
w -6416 -1984 -6480 -1984 0
w -6480 -1984 -6528 -1984 0
w -6480 -1984 -6480 -1808 0
w -6400 -1728 -6400 -1792 0
w -6400 -1792 -6272 -1792 0
w -6272 -1984 -6352 -1984 0
w -6352 -1984 -6352 -1840 0
w -6352 -1840 -6496 -1840 0
w -6496 -1840 -6496 -1856 0
w -6496 -1856 -6528 -1856 0
w -6416 -1792 -6496 -1792 0
w -6496 -1792 -6528 -1792 0
w -6528 -1728 -6432 -1728 0
w -6432 -1728 -6400 -1728 0
w -6432 -1728 -6432 -1696 0
w -6432 -1696 -6272 -1696 0
w -6208 -2240 -5664 -2240 0
w -6208 -2144 -6112 -2144 0
w -6208 -1984 -6032 -1984 0
w -6208 -1904 -5920 -1904 0
w -6208 -1824 -5888 -1824 0
w -6208 -1728 -5856 -1728 0
w -6272 -2000 -6336 -2000 0
w -6336 -2000 -6480 -2000 0
w -6848 -2000 -6848 -1760 0
w -6848 -1760 -6848 -1712 0
w -6848 -1760 -6736 -1760 0
w -6736 -1760 -6736 -1664 0
w -6736 -1664 -6384 -1664 0
w -6384 -1664 -6384 -2048 0
w -6384 -2048 -6208 -2048 0
w -6304 -2112 -6304 -2144 0
w -6304 -2144 -6272 -2144 0
w -6480 -2240 -6368 -2240 0
w -6368 -2240 -6304 -2240 0
w -6368 -2240 -6368 -1920 0
w -6432 -1920 -6400 -1920 0
w -6400 -1920 -6400 -1888 0
w -6400 -1888 -6304 -1888 0
w -6368 -1920 -6272 -1920 0
w -6480 -1808 -6320 -1808 0
w -6320 -1808 -6272 -1808 0
w -6448 -1856 -6320 -1856 0
w -6320 -1856 -6272 -1856 0
150 -6688 -2384 -6624 -2384 0 2 0 5
w -6960 -2256 -6960 -2368 0
w -6960 -2368 -6688 -2368 0
w -6848 -2256 -6960 -2256 0
w -6960 -2256 -7056 -2256 0
w -6864 -2096 -6864 -2400 0
w -6864 -2400 -6688 -2400 0
w -6624 -2384 -6336 -2384 0
w -6336 -2384 -6336 -1760 0
w -6336 -1760 -6272 -1760 0
150 -6688 -1600 -6624 -1600 0 3 0 5
w -6960 -2256 -6960 -2224 0
I -6960 -2224 -6848 -2224 0 0.5 5
w -6848 -2224 -6848 -1616 0
w -6848 -1616 -6688 -1616 0
w -6832 -2160 -6832 -1600 0
w -6832 -1600 -6688 -1600 0
w -7008 -2128 -7008 -1584 0
w -7008 -1584 -6688 -1584 0
w -6624 -1600 -6368 -1600 0
w -6368 -1600 -6368 -1744 0
w -6368 -1744 -6272 -1744 0
w -6512 -1872 -6512 -1712 0
w -6512 -1712 -6272 -1712 0
150 -6592 -2464 -6528 -2464 0 2 0 5
w -6960 -2368 -6960 -2448 0
w -6592 -2448 -6960 -2448 0
w -6992 -2064 -6992 -2480 0
w -6992 -2480 -6592 -2480 0
w -6528 -2464 -6288 -2464 0
w -6288 -2464 -6288 -1728 0
w -6288 -1728 -6272 -1728 0
w -6272 -2064 -6272 -2096 0
w -6272 -2096 -6208 -2096 0
w -6496 -2288 -6496 -2032 0
w -6496 -2032 -6208 -2032 0
w -6448 -2288 -6496 -2288 0
w -6496 -2288 -6848 -2288 0
w -5632 -2624 -5664 -2624 0
w -5664 -2624 -5664 -2240 0
w -5632 -2592 -5696 -2592 0
w -5696 -2592 -5696 -2144 0
w -5632 -2560 -5728 -2560 0
w -5728 -2560 -5728 -2064 0
w -5632 -2528 -5760 -2528 0
w -5760 -2528 -5760 -1984 0
w -5568 -2496 -5568 -1904 0
w -5536 -2496 -5536 -1824 0
w -5536 -1824 -5664 -1824 0
w -5504 -2496 -5504 -1728 0
w -5504 -1728 -5584 -1728 0
w -2576 1776 -2576 2048 0
w -2576 2048 -8592 2032 0
w -2560 1744 -2560 2016 0
w -2560 2016 -8640 2000 0
w -2512 1680 -2512 1984 0
w -2512 1984 -8704 1936 0
w -2464 1552 -2464 1936 0
w -2464 1936 -8768 1872 0
w -8592 2032 -8576 -2128 0
w -7056 -2128 -8576 -2128 0
w -8640 2000 -8624 -2064 0
w -7040 -2064 -8624 -2064 0
w -8704 1936 -8688 -2192 0
w -7040 -2192 -8688 -2192 0
w -7056 -2256 -8752 -2256 0
w -8768 1872 -8752 -2256 0
w -3632 1504 -3664 1504 0
w -8000 -2800 -7920 -2800 0
w -8096 -2800 -8000 -2800 0
w -8032 -2880 -7952 -2880 0
w -8096 -2880 -8032 -2880 0
w -7904 -2848 -7904 -2944 0
w -7440 -2336 -7152 -2336 0
w -7184 -2432 -7440 -2432 0
w -7440 -2528 -7200 -2528 0
w -7392 -2880 -6496 -2880 0
w -7392 -2624 -7392 -2880 0
w -7440 -2624 -7392 -2624 0
w -7360 -2912 -6448 -2912 0
w -7360 -2736 -7360 -2912 0
w -7440 -2736 -7360 -2736 0
w -7328 -2944 -6416 -2944 0
w -7328 -2848 -7328 -2944 0
w -7440 -2848 -7328 -2848 0
w -7456 -2976 -6384 -2976 0
157 -6208 -2624 -6176 -2624 0 7 0 0
w -7600 -2320 -7504 -2320 0
w -7600 -2480 -7600 -2320 0
w -7744 -2480 -7600 -2480 0
w -7616 -2352 -7504 -2352 0
w -7616 -2560 -7616 -2352 0
w -7744 -2560 -7616 -2560 0
152 -7504 -2336 -7440 -2336 0 2 0 5
w -7648 -2416 -7504 -2416 0
w -7648 -2640 -7648 -2416 0
w -7744 -2640 -7648 -2640 0
w -7664 -2448 -7504 -2448 0
w -7664 -2720 -7664 -2448 0
152 -7504 -2432 -7440 -2432 0 2 5 5
w -7632 -2512 -7504 -2512 0
w -7632 -2704 -7632 -2512 0
w -7680 -2704 -7632 -2704 0
w -7680 -2720 -7680 -2704 0
w -7744 -2720 -7680 -2720 0
w -7600 -2544 -7504 -2544 0
w -7600 -2640 -7600 -2544 0
152 -7504 -2528 -7440 -2528 0 2 5 5
w -7616 -2976 -7504 -2976 0
w -7920 -2976 -7616 -2976 0
w -7616 -2624 -7504 -2624 0
w -7616 -2976 -7616 -2624 0
w -7584 -2608 -7504 -2608 0
w -7584 -2832 -7584 -2608 0
w -7600 -2640 -7504 -2640 0
w -7600 -2928 -7600 -2640 0
152 -7504 -2624 -7440 -2624 0 3 5 5
w -7664 -2720 -7504 -2720 0
w -7664 -2880 -7664 -2720 0
w -7856 -2880 -7664 -2880 0
w -7984 -2736 -7856 -2736 0
w -8096 -2736 -7984 -2736 0
w -7648 -2736 -7504 -2736 0
w -7648 -3008 -7648 -2736 0
w -7984 -3008 -7648 -3008 0
w -7984 -2736 -7984 -3008 0
w -7568 -2752 -7504 -2752 0
w -7568 -2768 -7568 -2752 0
w -7888 -2768 -7568 -2768 0
152 -7504 -2736 -7440 -2736 0 3 5 5
w -7968 -2704 -7872 -2704 0
w -8048 -2704 -7968 -2704 0
w -7632 -2864 -7504 -2864 0
w -7632 -2992 -7632 -2864 0
w -7968 -2992 -7632 -2992 0
w -7968 -2704 -7968 -2992 0
w -7904 -2784 -7904 -2576 0
w -7904 -2848 -7904 -2784 0
w -7568 -2832 -7504 -2832 0
w -7568 -2784 -7568 -2832 0
w -7904 -2784 -7568 -2784 0
152 -7504 -2848 -7440 -2848 0 2 5 5
w -7584 -2960 -7504 -2960 0
w -7584 -2832 -7584 -2960 0
w -7744 -2832 -7584 -2832 0
w -7920 -2800 -7920 -2976 0
w -7600 -2992 -7504 -2992 0
w -7600 -2928 -7600 -2992 0
w -7744 -2928 -7600 -2928 0
152 -7504 -2976 -7456 -2976 0 3 5 5
w -7888 -2464 -7808 -2464 0
w -7888 -2656 -7888 -2464 0
w -7952 -2880 -7856 -2880 0
w -7952 -2496 -7808 -2496 0
w -7952 -2880 -7952 -2496 0
150 -7808 -2480 -7744 -2480 0 2 0 5
w -7840 -2800 -7920 -2800 0
w -7920 -2544 -7808 -2544 0
w -7920 -2800 -7920 -2544 0
w -7904 -2576 -7808 -2576 0
w -8048 -2848 -7904 -2848 0
150 -7808 -2560 -7744 -2560 0 2 0 5
w -7872 -2624 -7808 -2624 0
w -7872 -2704 -7872 -2624 0
w -7888 -2656 -7808 -2656 0
w -7888 -2768 -7888 -2656 0
w -8048 -2768 -7888 -2768 0
150 -7808 -2640 -7744 -2640 0 2 5 5
w -7872 -2704 -7808 -2704 0
w -7840 -2736 -7808 -2736 0
w -7840 -2800 -7840 -2736 0
150 -7808 -2720 -7744 -2720 0 2 0 5
w -7856 -2816 -7808 -2816 0
w -7856 -2736 -7856 -2816 0
w -7856 -2848 -7808 -2848 0
w -7856 -2880 -7856 -2848 0
150 -7808 -2832 -7744 -2832 0 2 0 5
w -7872 -2912 -7808 -2912 0
w -7872 -2704 -7872 -2912 0
w -7904 -2944 -7808 -2944 0
150 -7808 -2928 -7744 -2928 0 2 5 5
I -8096 -2704 -8048 -2704 0 0.5 5
I -8096 -2768 -8048 -2768 0 0.5 5
w -8144 -2704 -8096 -2704 0
w -8144 -2736 -8144 -2704 0
w -8144 -2736 -8096 -2736 0
w -8144 -2768 -8096 -2768 0
w -8144 -2800 -8144 -2768 0
w -8144 -2800 -8096 -2800 0
I -8096 -2848 -8048 -2848 0 0.5 5
w -8144 -2848 -8096 -2848 0
w -8144 -2880 -8144 -2848 0
w -8144 -2880 -8096 -2880 0
w -8464 -2704 -8144 -2704 0
w -8528 -2768 -8144 -2768 0
w -6384 -2976 -6384 -2624 0
w -7200 -2592 -7200 -2528 0
w -7184 -2432 -7184 -2672 0
w -7152 -2704 -7152 -2336 0
w -6208 -2624 -6384 -2624 0
w -6416 -2944 -6416 -2592 0
w -6208 -2592 -6416 -2592 0
w -6448 -2912 -6448 -2560 0
w -6208 -2560 -6448 -2560 0
w -6496 -2880 -6496 -2528 0
w -6208 -2528 -6496 -2528 0
w -7200 -2592 -6512 -2592 0
w -6512 -2592 -6512 -2496 0
w -6512 -2496 -6144 -2496 0
w -7184 -2672 -6000 -2672 0
w -6000 -2672 -6000 -2448 0
w -6112 -2496 -6112 -2448 0
w -6112 -2448 -6000 -2448 0
w -7152 -2704 -5968 -2704 0
w -5968 -2704 -5968 -2480 0
w -5968 -2480 -6080 -2480 0
w -6080 -2496 -6080 -2480 0
x -6934 -1751 -6879 -1748 4 100 5
x -8046 -2582 -7991 -2579 4 100 6
x -3218 1727 -3163 1730 4 100 5
